Ecg(module_id=11, module_name='ecg', lead_status=0, hrv=60, arr_type=0, wave1=[-36, -34, -35, -36, -36, -35, -35, -35, -34, -34, -35, -36, -35, -33, -34, -35, -34, -33, -35, -35, -34, -35, -36, -35, -34, -35, -34, -36, -36, -23, 3, 27, 39], wave2=[-46, -44, -44, -46, -46, -45, -44, -45, -46, -46, -47, -48, -46, -44, -44, -46, -48, -47, -46, -48, -49, -48, -48, -49, -49, -46, -45, -46, -45, -26, 11, 45, 62], waveV=[-11, -3, -4, -11, -14, -10, -4, -4, -3, -3, -6, -7, -7, -8, -5, -5, -7, -5, -6, -10, -8, -3, -6, -10, -11, -9, -5, 1, 1, 5, 28, 50, 57])
Resp(module_id=14, module_name='resp', resp_rate=19, wave=[-82, -82, -82, -84, -80, -71, -68, -69, -68, -67])
Spo2(module_id=16, module_name='spo2', spo2_val=97, pr=60, wave=[46, 31, 22, 22, 30, 32, 23, 9, -2, -12], error_msg=0)
Temp(module_id=13, module_name='temp', lead_status=0, temp1=37.4, temp2=37.5)
Nibp(module_id=15, module_name='nibp', sys=120, map=93, dia=80, error_msg=0)
Ecg(module_id=11, module_name='ecg', lead_status=0, hrv=60, arr_type=0, wave1=[43, 45, 43, 34, 17, -9, -30, -36, -32, -33, -38, -38, -35, 38, 44, 46, 42, 30, 6, -21, -35, -36, -33, -33, -33, -32, -33, -38, -32, -19], wave2=[67, 72, 68, 56, 31, -7, -37, -45, -43, -43, -45, -45, -45, 64, 72, 71, 61, 43, 16, -20, -46, -49, -44, -45, -47, -47, -47, -55, -45, -18], waveV=[58, 57, 53, 49, 39, 16, -2, -4, -5, -8, -7, -3, -3, 55, 59, 62, 57, 51, 40, 14, -8, -9, -8, -11, -9, -8, -10, -10, -1, 10])
Resp(module_id=14, module_name='resp', resp_rate=19, wave=[-62, -57, -53, -47, -46, -46, -35, -28, -33, -32, -50, -52, -57, -64, -68, -67, -67, -73, -78, -82])
Spo2(module_id=16, module_name='spo2', spo2_val=97, pr=60, wave=[29, 25, 13, -1, -11, -18, -27, -38, -44, -47], error_msg=0)
Temp(module_id=13, module_name='temp', lead_status=0, temp1=37.6, temp2=37.7)
Nibp(module_id=15, module_name='nibp', sys=120, map=93, dia=80, error_msg=0)
THIS IS PATIENT DATA!55330023007368697661000000000000000000000000000000313035000000000000000101bf07313300000000000000005aaaEcg(module_id=11, module_name='ecg', lead_status=0, hrv=60, arr_type=0, wave1=[-40, -90, -61, 138, 427, 596, 506, 226, -21, -94, -48, -17, -31, -41, -37, -36, -37, -35, -31, -29, -27, -23, -20, -15, -8, -3, 2, 10, 21, 31, 38, 44, 56], wave2=[-62, -183, -178, 121, 577, 843, 687, 224, -169, -234, -94, -14, -39, -58, -48, -44, -45, -42, -38, -36, -32, -25, -22, -17, -5, 6, 14, 23, 34, 49, 63, 73, 91], waveV=[-3, -35, -20, 107, 312, 416, 188, -363, -793, -656, -184, 56, 0, -48, -18, -2, -11, -9, -2, 2, 5, 5, 0, 2, 15, 20, 23, 27, 31, 37, 46, 52, 60])
Resp(module_id=14, module_name='resp', resp_rate=19, wave=[-80, -84, -93, -97, -98, -102, -102, -100, -104, -113])
Spo2(module_id=16, module_name='spo2', spo2_val=97, pr=60, wave=[-52, -57, -60, -64, -68, -67, -67, -70, -56, -5], error_msg=0)
Ecg(module_id=11, module_name='ecg', lead_status=0, hrv=60, arr_type=0, wave1=[66, 90, 112, 123, 120, 110, 106, 98, 65, 20, -15, -30, -36, -36, -35, -36, -39, -38, -35, -34, -33, -34, -36, -38, -37, -34, -34, -37, -40, -38, -33, -31, -34], wave2=[104, 135, 163, 180, 177, 164, 155, 143, 100, 34, -15, -36, -44, -46, -44, -44, -46, -46, -45, -45, -46, -46, -47, -48, -50, -51, -49, -47, -48, -49, -46, -44, -48], waveV=[67, 82, 99, 108, 104, 96, 91, 86, 67, 34, 8, -2, -7, -8, -8, -9, -8, -5, -4, -3, -6, -9, -10, -8, -8, -13, -15, -9, -6, -8, -8, -9, -10])
Resp(module_id=14, module_name='resp', resp_rate=19, wave=[-119, -119, -113, -107, -105, -100, -102, -103, -101, -100])
Ecg(module_id=11, module_name='ecg', lead_status=0, hrv=60, arr_type=0, wave1=[-36, -36, -33, -33, -35, -35, -33, -32, -35, -37, -35, -34, -37, -38, -35, -32, -32, -34, -36, -37, -35, -34, -35, -35, -34, -33, -35, -35, -34, -34], wave2=[-50, -49, -47, -47, -48, -49, -48, -47, -44, -45, -47, -46, -45, -45, -44, -44, -45, -43, -44, -47, -48, -47, -46, -44, -43, -45, -48, -47, -45, -45], waveV=[-8, -5, -7, -9, -7, -6, -5, -1, 0, -8, -12, -10, -10, -8, -4, -9, -9, -3, -4, -8, -9, -10, -11, -10, -10, -9, -9, -8, -8, -5])
Resp(module_id=14, module_name='resp', resp_rate=19, wave=[-98, -98, -89, -88, -90, -92, -91, -89, -88, -85, -84, -82, -81, -78, -71, -72, -70, -70, -67, -65])
Spo2(module_id=16, module_name='spo2', spo2_val=97, pr=60, wave=[62, 105, 111, 101, 87, 71, 52, 34, 23, 22], error_msg=0)
Ecg(module_id=11, module_name='ecg', lead_status=0, hrv=60, arr_type=0, wave1=[-36, -36, -35, -35, -35, -34, -34, -36, -37, -32, -14, 12, 33, 43, 45, 44, 39, 24, -2, -25, -35, -34, -34, -34, -34, -35, -35, -34, -25, -21, -54, -94, -24], wave2=[-46, -47, -47, -44, -43, -46, -45, -44, -47, -41, -15, 23, 52, 66, 72, 72, 61, 37, 1, -32, -47, -47, -44, -44, -46, -46, -49, -57, -40, -20, -89, -201, -128], waveV=[-1, -4, -11, -11, -9, -9, -8, -8, -8, -2, 13, 35, 54, 59, 60, 61, 56, 42, 22, 3, -7, -8, -3, -5, -10, -6, -5, -12, -9, 2, -14, -40, -1])
Resp(module_id=14, module_name='resp', resp_rate=19, wave=[-58, -54, -47, -43, -45, -42, -44, -34, -31, -29])
Spo2(module_id=16, module_name='spo2', spo2_val=97, pr=60, wave=[28, 31, 26, 16, 3, -10, -18, -26, -35, -43], error_msg=0)
Ecg(module_id=11, module_name='ecg', lead_status=0, hrv=60, arr_type=0, wave1=[76, 356, 573, 550, 298, 21, -94, -61, -20, -27, -41, -41, -39, -37, -33, -31, -29, -26, -24, -23, -18, -10, -3, 3, 8, 16, 25, 35, 45, 56, 73, 94, 114], wave2=[24, 469, 812, 766, 350, -99, -247, -128, -18, -28, -58, -55, -45, -44, -42, -38, -36, -34, -27, -20, -14, -8, 2, 11, 18, 30, 45, 59, 70, 86, 110, 139, 168], waveV=[62, 257, 408, 277, -224, -739, -741, -293, 32, 28, -40, -26, -2, -6, -10, -4, -1, -5, -3, 5, 11, 14, 19, 24, 26, 30, 39, 47, 56, 63, 70, 85, 100])
Resp(module_id=14, module_name='resp', resp_rate=19, wave=[-20, -22, -19, -18, -11, -12, -5, 1, 3, 7])
Spo2(module_id=16, module_name='spo2', spo2_val=97, pr=60, wave=[-46, -50, -57, -61, -63, -66, -68, -67, -68, -63], error_msg=0)
Ecg(module_id=11, module_name='ecg', lead_status=0, hrv=60, arr_type=0, wave1=[121, 124, 115, 107, 99, 75, 34, -4, -27, -35, -35, -33, -34, -37, -34, -32, -34, -36, -34, -33, -36, -37, -33, -30, -32, -35, -36, -36, -35, -34, -34, -36, -36], wave2=[177, 179, 167, 158, 149, 111, 48, -4, -31, -42, -45, -46, -47, -47, -48, -47, -46, -47, -47, -47, -48, -48, -47, -47, -47, -47, -46, -47, -48, -47, -47, -46, -45], waveV=[103, 103, 100, 96, 87, 68, 41, 17, 4, 2, 0, -7, -11, -10, -10, -6, -4, -6, -5, -4, -5, -4, -5, -8, -8, -8, -11, -12, -6, -1, -1, -3, -9])
Resp(module_id=14, module_name='resp', resp_rate=19, wave=[7, 5, 8, 13, 18, 19, 21, 22, 26, 31])
Spo2(module_id=16, module_name='spo2', spo2_val=97, pr=60, wave=[-26, 44, 102, 117, 107, 93, 77, 56, 37, 26], error_msg=0)
Ecg(module_id=11, module_name='ecg', lead_status=0, hrv=60, arr_type=0, wave1=[-36, -37, -37, -35, -35, -36, -35, -35, -35, -36, -35, -35, -35, -34, -33, -34, -36, -35, -35, -36, -36, -34, -33, -34, -37, -38, -37, -35, -35, -36, -35, -33, -32], wave2=[-46, -47, -46, -47, -47, -45, -47, -48, -45, -43, -44, -44, -44, -44, -46, -47, -46, -44, -42, -44, -46, -45, -45, -48, -47, -43, -44, -47, -48, -48, -47, -48, -49], waveV=[-14, -15, -8, -7, -11, -10, -13, -12, -5, -4, -6, -7, -10, -13, -11, -11, -14, -13, -6, -4, -6, -5, -10, -16, -13, -8, -10, -11, -8, -5, -2, -4, -7])
Resp(module_id=14, module_name='resp', resp_rate=20, wave=[29, 30, 26, 29, 38, 39, 37, 39, 35, 32, 34, 35, 38, 47, 47, 46, 44, 46, 46, 49])
Temp(module_id=13, module_name='temp', lead_status=0, temp1=37.6, temp2=37.7)
Ecg(module_id=11, module_name='ecg', lead_status=0, hrv=60, arr_type=0, wave1=[-33, -35, -37, -37, -30, -9, 16, 33, 42, 46, 44, 37, 21, -6, -30, -37, -35, -34, -35, -34, -35, -40, -41, -26, -22, -64, -90, 23, 287, 541, 581, 365, 71], wave2=[-48, -46, -46, -49, -39, -6, 32, 56, 68, 73, 69, 57, 32, -7, -40, -50, -46, -43, -46, -47, -47, -53, -57, -32, -26, -121, -213, -62, 358, 762, 820, 466, -14], waveV=[-8, -7, -7, -10, -5, 17, 41, 53, 61, 64, 62, 57, 40, 13, -4, -7, -7, -6, -5, -3, -5, -9, -13, -3, 1, -28, -51, 23, 210, 391, 347, -80, -650])
Resp(module_id=14, module_name='resp', resp_rate=20, wave=[53, 60, 58, 51, 51, 47, 47, 49, 51, 53])
Spo2(module_id=16, module_name='spo2', spo2_val=97, pr=60, wave=[22, 26, 32, 29, 18, 5, -5, -16, -28, -36], error_msg=0)
Ecg(module_id=11, module_name='ecg', lead_status=0, hrv=60, arr_type=0, wave1=[-31, -91, -42, -15, -30, -40, -38, -36, -35, -34, -32, -27, -23, -24, -21, -13, -6, -1, 4, 10, 20, 31, 40, 46, 59, 81, 103, 119, 122, 113, 107, 106, 87], wave2=[-174, -228, -87, -12, -39, -58, -48, -42, -42, -40, -38, -35, -31, -26, -18, -11, -5, 3, 13, 20, 31, 47, 62, 73, 88, 117, 149, 175, 183, 171, 160, 156, 128], waveV=[-806, -650, -177, 53, 0, -42, -16, -3, -6, -8, -9, -2, 1, -2, 4, 10, 13, 18, 23, 23, 30, 41, 49, 54, 62, 74, 89, 109, 118, 108, 96, 94, 81])
Resp(module_id=14, module_name='resp', resp_rate=20, wave=[50, 50, 45, 44, 46, 48, 49, 46, 47, 41])
Spo2(module_id=16, module_name='spo2', spo2_val=97, pr=60, wave=[-40, -45, -53, -57, -58, -61, -67, -68, -65, -67], error_msg=0)
Ecg(module_id=11, module_name='ecg', lead_status=0, hrv=60, arr_type=0, wave1=[68, 22, -12, -29, -34, -33, -33, -35, -37, -36, -35, -36, -37, -36, -34, -34, -33, -34, -35, -37, -39, -38, -35, -35, -37, -36, -33, -33, -35, -35, -34, -33, -33], wave2=[99, 34, -14, -36, -44, -45, -44, -45, -47, -49, -49, -48, -48, -49, -48, -46, -46, -46, -48, -49, -45, -43, -46, -48, -47, -45, -44, -45, -46, -44, -44, -44, -44], waveV=[68, 35, 7, -6, -5, -3, -6, -8, -8, -8, -8, -6, -5, -7, -9, -9, -6, -4, -9, -10, -3, -4, -8, -7, -6, -3, 0, -4, -8, -6, -6, -10, -12])
Resp(module_id=14, module_name='resp', resp_rate=20, wave=[42, 38, 35, 42, 38, 32, 31, 30, 27, 26, 20, 14, 11, 8, 10, 8, 4, 0, -10, -17])
Spo2(module_id=16, module_name='spo2', spo2_val=97, pr=60, wave=[-68, -37, 30, 91, 115, 109, 96, 80, 60, 41], error_msg=0)
Ecg(module_id=11, module_name='ecg', lead_status=0, hrv=60, arr_type=0, wave1=[-34, -34, -36, -38, -37, -36, -37, -37, -34, -33, -35, -35, -32, -31, -35, -37, -35, -32, -32, -35, -37, -36, -34, -35, -37, -38, -38, -36, -32, -31, -35, -32, -15], wave2=[-44, -45, -48, -47, -43, -44, -45, -45, -44, -45, -47, -49, -48, -44, -43, -46, -48, -49, -49, -50, -48, -46, -47, -47, -46, -46, -46, -48, -47, -43, -45, -45, -21], waveV=[-10, -7, -10, -11, -6, -6, -8, -9, -11, -8, -6, -9, -11, -9, -13, -15, -10, -5, -7, -11, -9, -7, -7, -4, -2, -5, -4, -1, -2, -2, -5, -11, 2])
Resp(module_id=14, module_name='resp', resp_rate=20, wave=[-20, -21, -26, -25, -30, -35, -38, -46, -48, -55])
Spo2(module_id=16, module_name='spo2', spo2_val=97, pr=60, wave=[27, 21, 24, 31, 29, 18, 5, -4, -13, -22], error_msg=0)
Ecg(module_id=11, module_name='ecg', lead_status=0, hrv=60, arr_type=0, wave1=[-2, 22, 37, 44, 46, 41, 30, 10, -16, -33, -36, -36, -38, -36, -34, -35, -41, -39, -22, -30, -79, -78, 81, 364, 578, 544, 284, 11, -96, -60, -18, -24, -38], wave2=[0, 38, 60, 70, 71, 64, 49, 22, -16, -45, -48, -43, -44, -46, -47, -47, -53, -49, -21, -42, -158, -200, 40, 490, 823, 757, 329, -110, -242, -121, -19, -34, -59], waveV=[16, 45, 57, 58, 62, 65, 56, 34, 9, -5, -6, -9, -8, -2, -3, -4, -5, -5, 3, -4, -40, -45, 60, 263, 410, 266, -240, -742, -724, -271, 34, 12, -46])
Resp(module_id=14, module_name='resp', resp_rate=20, wave=[-60, -58, -60, -63, -69, -71, -74, -74, -76, -81])
Ecg(module_id=11, module_name='ecg', lead_status=0, hrv=60, arr_type=0, wave1=[-39, -38, -36, -34, -32, -30, -28, -25, -23, -21, -15, -6, 2, 8, 15, 24, 34, 41, 46, 62, 87, 110, 124, 124, 115, 109, 102, 75, 32, -6, -26, -32, -33], wave2=[-57, -47, -46, -45, -39, -35, -34, -32, -26, -19, -12, -3, 7, 15, 24, 37, 52, 63, 75, 97, 125, 154, 177, 179, 164, 155, 149, 113, 49, -7, -35, -44, -46], waveV=[-39, -10, -7, -8, -2, -1, -2, -2, 0, 3, 7, 11, 13, 18, 29, 40, 48, 48, 50, 64, 79, 91, 101, 101, 97, 98, 95, 72, 37, 12, -1, -8, -9])
Resp(module_id=14, module_name='resp', resp_rate=20, wave=[-81, -84, -87, -83, -86, -86, -90, -97, -100, -100])
Spo2(module_id=16, module_name='spo2', spo2_val=97, pr=60, wave=[-30, -36, -43, -51, -56, -58, -60, -66, -69, -67], error_msg=0)
Ecg(module_id=11, module_name='ecg', lead_status=0, hrv=60, arr_type=0, wave1=[-33, -34, -35, -37, -37, -36, -36, -36, -35, -34, -35, -36, -36, -35, -33, -34, -37, -38, -36, -35, -37, -36, -33, -31, -32, -35, -37, -36, -35, -36], wave2=[-46, -48, -49, -46, -45, -45, -44, -46, -47, -47, -47, -46, -45, -45, -45, -45, -46, -47, -46, -44, -46, -47, -46, -46, -44, -42, -43, -44, -43, -45], waveV=[-8, -8, -7, -6, -7, -2, -1, -9, -9, -4, -6, -4, -1, -6, -8, -3, -2, -10, -11, -6, -9, -13, -11, -11, -9, -4, -5, -7, -9, -13])
Resp(module_id=14, module_name='resp', resp_rate=19, wave=[-95, -94, -95, -101, -102, -97, -97, -95, -94, -92, -86, -89, -90, -93, -91, -87, -82, -84, -82, -82])
Spo2(module_id=16, module_name='spo2', spo2_val=97, pr=60, wave=[-67, -70, -48, 13, 80, 113, 110, 97, 84, 66], error_msg=0)
Ecg(module_id=11, module_name='ecg', lead_status=0, hrv=60, arr_type=0, wave1=[-36, -34, -35, -36, -36, -35, -35, -35, -34, -34, -35, -36, -35, -33, -34, -35, -34, -33, -35, -35, -34, -35, -36, -35, -34, -35, -34, -36, -36, -23, 3, 27, 39], wave2=[-46, -44, -44, -46, -46, -45, -44, -45, -46, -46, -47, -48, -46, -44, -44, -46, -48, -47, -46, -48, -49, -48, -48, -49, -49, -46, -45, -46, -45, -26, 11, 45, 62], waveV=[-11, -3, -4, -11, -14, -10, -4, -4, -3, -3, -6, -7, -7, -8, -5, -5, -7, -5, -6, -10, -8, -3, -6, -10, -11, -9, -5, 1, 1, 5, 28, 50, 57])
Resp(module_id=14, module_name='resp', resp_rate=19, wave=[-82, -82, -82, -84, -80, -71, -68, -69, -68, -67])
Spo2(module_id=16, module_name='spo2', spo2_val=97, pr=60, wave=[46, 31, 22, 22, 30, 32, 23, 9, -2, -12], error_msg=0)
Temp(module_id=13, module_name='temp', lead_status=0, temp1=37.4, temp2=37.5)
Nibp(module_id=15, module_name='nibp', sys=120, map=93, dia=80, error_msg=0)
Ecg(module_id=11, module_name='ecg', lead_status=0, hrv=60, arr_type=0, wave1=[43, 45, 43, 34, 17, -9, -30, -36, -32, -33, -38, -38, -35, 38, 44, 46, 42, 30, 6, -21, -35, -36, -33, -33, -33, -32, -33, -38, -32, -19], wave2=[67, 72, 68, 56, 31, -7, -37, -45, -43, -43, -45, -45, -45, 64, 72, 71, 61, 43, 16, -20, -46, -49, -44, -45, -47, -47, -47, -55, -45, -18], waveV=[58, 57, 53, 49, 39, 16, -2, -4, -5, -8, -7, -3, -3, 55, 59, 62, 57, 51, 40, 14, -8, -9, -8, -11, -9, -8, -10, -10, -1, 10])
Resp(module_id=14, module_name='resp', resp_rate=19, wave=[-62, -57, -53, -47, -46, -46, -35, -28, -33, -32, -50, -52, -57, -64, -68, -67, -67, -73, -78, -82])
Spo2(module_id=16, module_name='spo2', spo2_val=97, pr=60, wave=[29, 25, 13, -1, -11, -18, -27, -38, -44, -47], error_msg=0)
Temp(module_id=13, module_name='temp', lead_status=0, temp1=37.6, temp2=37.7)
Nibp(module_id=15, module_name='nibp', sys=120, map=93, dia=80, error_msg=0)
Ecg(module_id=11, module_name='ecg', lead_status=0, hrv=60, arr_type=0, wave1=[-40, -90, -61, 138, 427, 596, 506, 226, -21, -94, -48, -17, -31, -41, -37, -36, -37, -35, -31, -29, -27, -23, -20, -15, -8, -3, 2, 10, 21, 31, 38, 44, 56], wave2=[-62, -183, -178, 121, 577, 843, 687, 224, -169, -234, -94, -14, -39, -58, -48, -44, -45, -42, -38, -36, -32, -25, -22, -17, -5, 6, 14, 23, 34, 49, 63, 73, 91], waveV=[-3, -35, -20, 107, 312, 416, 188, -363, -793, -656, -184, 56, 0, -48, -18, -2, -11, -9, -2, 2, 5, 5, 0, 2, 15, 20, 23, 27, 31, 37, 46, 52, 60])
Resp(module_id=14, module_name='resp', resp_rate=19, wave=[-80, -84, -93, -97, -98, -102, -102, -100, -104, -113])
Spo2(module_id=16, module_name='spo2', spo2_val=97, pr=60, wave=[-52, -57, -60, -64, -68, -67, -67, -70, -56, -5], error_msg=0)
