
1782891531445
1782891531510
1782891531512
1782891531512
1782891531513
1782891531515
1782891531637
1782891531639
1782891531640
1782891531785
1782891531787
1782891532036
1782891532255
1782891532257
1782891532329
1782891532330
1782891532331
1782891532555
1782891532702
1782891532702
1782891532848
1782891532851
1782891533077
1782891533222
1782891533224
1782891533225
1782891533368
1782891533370
1782891533372
1782891533593
1782891533739
1782891533740
1782891533886
1782891533888
1782891533889
1782891534111
1782891534259
1782891534260
1782891534403
1782891534405
1782891534624
1782891534811
1782891534812
1782891534958
1782891534959
1782891534960
1782891535146
1782891535311
1782891535312
1782891535313
1782891535314
1782891535438
1782891535439
1782891535440
1782891535440
1782891535441
1782891535666
1782891535813
1782891535816
1782891535959
1782891535960
1782891536183
1782891536329
1782891536331
1782891536476
1782891536477
1782891536478
1782891536714
1782891536861
1782891536862
1782891537249
1782891537252
1782891537254
1782891537255
1782891537372
1782891537373
1782891537521
1782891537522
1782891537524
1782891537742
1782891537888
1782891537889
1782891538037
1782891538039
1782891538040
1782891538266
1782891538580
1782891538582
1782891538584
1782891538586
1782891538785
1782891538931
1782891538933
1782891539079
1782891539080
1782891539082
1782891539479
1782891539545
1782891539546
1782891539547
1782891539547
1782891539548
1782891539549
1782891539628
1782891539630
1782891539632
1782891539810
1782891539813
1782891539815
1782891540070
1782891540218
1782891540365
1782891540366
1782891540367
1782891540603
1782891540752
1782891540753
1782891540900
1782891540901
1782891540902
1782891541150
1782891541271
1782891541272
1782891541417
1782891541418
1782891541419
1782891541645
1782891541792
1782891541794
1782891541940
1782891541942
1782891541943
1782891542168
1782891542316
1782891542318
1782891542462
1782891542463
1782891542464
1782891543019
1782891543023
1782891543025
1782891543026
1782891543027
1782891544206
1782891544209
1782891544210
1782891544211
1782891544212
1782891544212
1782891544213
1782891544214
1782891544215
1782891544216
1782891544217
1782891544218
1782891544219
1782891544220
1782891544221
1782891544222
1782891544248
1782891544398
1782891544548
1782891544550
1782891544551
1782891544772
1782891544960
1782891544960
1782891545108
1782891545110
1782891545113
1782891545290
1782891545437
1782891545438
1782891545584
1782891545585
1782891545585
1782891545811
1782891545958
1782891545959
1782891546105
1782891546107
1782891546107
1782891546329
1782891546476
1782891546478
1782891546623
1782891546624
1782891546625
1782891546849
1782891546995
1782891547145
1782891547147
1782891547149
1782891547366
1782891547512
1782891547515
1782891547660
1782891547661
1782891547662
1782891547664
1782891547666
1782891547889
1782891548036
1782891548037
1782891548038
1782891548039
1782891548182
1782891548184
1782891548185
1782891548407
1782891548556
1782891548701
1782891548703
1782891548705
1782891548929
1782891549074
1782891549075
1782891549222
1782891549223
1782891549224
1782891549443
1782891549590
1782891549591
1782891549735
1782891549736
1782891549737
1782891550082
1782891550231
1782891550233
1782891550307
1782891550307
1782891550308
1782891550493
1782891550639
1782891550641
1782891550785
1782891550786
1782891550786
1782891551006
1782891551153
1782891551300
1782891551302
1782891551303
1782891551522
1782891551670
1782891551671
1782891551817
1782891551819
1782891551820
1782891551821
1782891551821