Ecg(lead_status=0, hrv=60, arr_type=0, wave1=[-35, -34, -35, -36, -35, -35, -35, -34, -34, -34, -37, -36, -25, -2, 24, 39, 44, 45, 42, 33, 12, -15, -32, -35, -34, -34, -34, -34, -35, -35], wave2=[-46, -45, -46, -46, -47, -46, -43, -45, -46, -44, -45, -46, -30, 4, 39, 60, 70, 73, 68, 51, 20, -17, -43, -48, -45, -43, -45, -46, -46, -54], waveV=[-8, -7, -3, -1, -8, -12, -10, -9, -9, -8, -9, -6, 5, 24, 46, 58, 59, 61, 60, 50, 32, 12, -4, -9, -5, -3, -8, -9, -4, -9])
Resp(resp_rate=19, wave=[-84, -82, -81, -78, -71, -72, -70, -70, -67, -65, -58, -54, -47, -43, -45, -42, -44, -34, -31, -29])
Spo2(spo2_val=97, pr=60, wave=[28, 31, 26, 16, 3, -10, -18, -26, -35, -43], error_msg=0)
Ecg(lead_status=0, hrv=60, arr_type=0, wave1=[-31, -20, -32, -80, -80, 76, 356, 573, 550, 298, 21, -94, -61, -20, -27, -41, -41, -39, -37, -33, -31, -29, -26, -24, -23, -18, -10, -3, 3, 8, 16, 25, 35], wave2=[-53, -24, -40, -152, -201, 24, 469, 812, 766, 350, -99, -247, -128, -18, -28, -58, -55, -45, -44, -42, -38, -36, -34, -27, -20, -14, -8, 2, 11, 18, 30, 45, 59], waveV=[-13, -2, -2, -30, -34, 62, 257, 408, 277, -224, -739, -741, -293, 32, 28, -40, -26, -2, -6, -10, -4, -1, -5, -3, 5, 11, 14, 19, 24, 26, 30, 39, 47])
Resp(resp_rate=19, wave=[-20, -22, -19, -18, -11, -12, -5, 1, 3, 7])
Spo2(spo2_val=97, pr=60, wave=[-46, -50, -57, -61, -63, -66, -68, -67, -68, -63], error_msg=0)
Ecg(lead_status=0, hrv=60, arr_type=0, wave1=[40, 50, 64, 83, 105, 121, 124, 115, 107, 99, 75, 34, -4, -27, -35, -35, -33, -34, -37, -34, -32, -34, -36, -34, -33, -36, -37, -33, -30, -32, -35, -36, -36], wave2=[64, 77, 97, 124, 155, 177, 179, 167, 158, 149, 111, 48, -4, -31, -42, -45, -46, -47, -47, -48, -47, -46, -47, -47, -47, -48, -48, -47, -47, -47, -47, -46, -47], waveV=[52, 60, 66, 76, 93, 103, 103, 100, 96, 87, 68, 41, 17, 4, 2, 0, -7, -11, -10, -10, -6, -4, -6, -5, -4, -5, -4, -5, -8, -8, -8, -11, -12])
Resp(resp_rate=19, wave=[7, 5, 8, 13, 18, 19, 21, 22, 26, 31])
Ecg(lead_status=0, hrv=60, arr_type=0, wave1=[-36, -34, -34, -35, -36, -36, -37, -37, -35, -35, -36, -35, -35, -35, -36, -35, -35, -35, -34, -33, -34, -36, -35, -35, -36, -36, -34, -33, -34, -37, -38, -37, -35], wave2=[-47, -47, -47, -47, -46, -46, -47, -46, -47, -47, -45, -47, -48, -45, -43, -44, -44, -44, -44, -46, -47, -46, -44, -42, -44, -46, -45, -45, -48, -47, -43, -44, -47], waveV=[-10, -2, 0, -2, -6, -14, -15, -8, -7, -11, -10, -13, -12, -5, -4, -6, -7, -10, -13, -11, -11, -14, -13, -6, -4, -6, -5, -10, -16, -13, -8, -10, -11])
Resp(resp_rate=20, wave=[29, 30, 26, 29, 38, 39, 37, 39, 35, 32, 34, 35, 38, 47, 47, 46, 44, 46, 46, 49])
Spo2(spo2_val=97, pr=60, wave=[-26, 44, 102, 117, 107, 93, 77, 56, 37, 26], error_msg=0)
Temp(lead_status=0, temp1=376, temp2=377)
Ecg(lead_status=0, hrv=60, arr_type=0, wave1=[-35, -36, -36, -34, -32, -33, -35, -37, -37, -30, -9, 16, 33, 42, 46, 44, 37, 21, -6, -30, -37, -35, -34, -35, -34, -35, -40, -41, -26, -22, -64, -90, 23], wave2=[-47, -48, -48, -48, -49, -48, -46, -46, -49, -39, -6, 32, 56, 68, 73, 69, 57, 32, -7, -40, -50, -46, -43, -46, -47, -47, -53, -57, -32, -26, -121, -213, -62], waveV=[-10, -7, -3, -2, -6, -8, -7, -7, -10, -5, 17, 41, 53, 61, 64, 62, 57, 40, 13, -4, -7, -7, -6, -5, -3, -5, -9, -13, -3, 1, -28, -51, 23])
Resp(resp_rate=20, wave=[53, 60, 58, 51, 51, 47, 47, 49, 51, 53])
Spo2(spo2_val=97, pr=60, wave=[22, 26, 32, 29, 18, 5, -5, -16, -28, -36], error_msg=0)
Ecg(lead_status=0, hrv=60, arr_type=0, wave1=[143, 430, 596, 498, 212, -31, -91, -42, -15, -30, -40, -38, -36, -35, -34, -32, -27, -23, -24, -21, -13, -6, -1, 4, 10, 20, 31, 40, 46, 59, 81, 103, 119], wave2=[127, 586, 847, 683, 215, -174, -228, -87, -12, -39, -58, -48, -42, -42, -40, -38, -35, -31, -26, -18, -11, -5, 3, 13, 20, 31, 47, 62, 73, 88, 117, 149, 175], waveV=[107, 314, 413, 179, -382, -806, -650, -177, 53, 0, -42, -16, -3, -6, -8, -9, -2, 1, -2, 4, 10, 13, 18, 23, 23, 30, 41, 49, 54, 62, 74, 89, 109])
Resp(resp_rate=20, wave=[50, 50, 45, 44, 46, 48, 49, 46, 47, 41])
Spo2(spo2_val=97, pr=60, wave=[-40, -45, -53, -57, -58, -61, -67, -68, -65, -67], error_msg=0)
Ecg(lead_status=0, hrv=60, arr_type=0, wave1=[122, 118, 108, 107, 100, 68, 22, -12, -29, -34, -33, -33, -35, -37, -36, -35, -36, -37, -36, -34, -34, -33, -34, -35, -37, -39, -38, -35, -35, -37, -36, -33, -33], wave2=[182, 179, 164, 159, 147, 99, 34, -14, -36, -44, -45, -44, -45, -47, -49, -49, -48, -48, -49, -48, -46, -46, -46, -48, -49, -45, -43, -46, -48, -47, -45, -44, -45], waveV=[116, 115, 101, 95, 90, 68, 35, 7, -6, -5, -3, -6, -8, -8, -8, -8, -6, -5, -7, -9, -9, -6, -4, -9, -10, -3, -4, -8, -7, -6, -3, 0, -4])
Resp(resp_rate=20, wave=[42, 38, 35, 42, 38, 32, 31, 30, 27, 26])
Spo2(spo2_val=97, pr=60, wave=[-68, -37, 30, 91, 115, 109, 96, 80, 60, 41], error_msg=0)
Ecg(lead_status=0, hrv=60, arr_type=0, wave1=[-34, -35, -35, -34, -33, -34, -34, -36, -38, -37, -36, -37, -37, -34, -33, -35, -35, -32, -31, -35, -37, -35, -32, -32, -35, -37, -36, -34, -35, -37, -38, -38, -36], wave2=[-46, -45, -44, -44, -44, -44, -45, -48, -47, -43, -44, -45, -45, -44, -45, -47, -49, -48, -44, -43, -46, -48, -49, -49, -50, -48, -46, -47, -47, -46, -46, -46, -48], waveV=[-8, -8, -6, -8, -12, -10, -7, -10, -11, -6, -6, -8, -9, -11, -8, -6, -9, -11, -9, -13, -15, -10, -5, -7, -11, -9, -7, -7, -4, -2, -5, -4, -1])
Resp(resp_rate=20, wave=[20, 14, 11, 8, 10, 8, 4, 0, -10, -17, -20, -21, -26, -25, -30, -35, -38, -46, -48, -55])
Ecg(lead_status=0, hrv=60, arr_type=0, wave1=[-34, -31, -33, -35, -25, -2, 22, 37, 44, 46, 41, 30, 10, -16, -33, -36, -36, -38, -36, -34, -35, -41, -39, -22, -30, -79, -78, 81, 364, 578, 544, 284, 11], wave2=[-48, -45, -43, -47, -36, 0, 38, 60, 70, 71, 64, 49, 22, -16, -45, -48, -43, -44, -46, -47, -47, -53, -49, -21, -42, -158, -200, 40, 490, 823, 757, 329, -110], waveV=[-2, -2, -2, -9, -8, 16, 45, 57, 58, 62, 65, 56, 34, 9, -5, -6, -9, -8, -2, -3, -4, -5, -5, 3, -4, -40, -45, 60, 263, 410, 266, -240, -742])
Resp(resp_rate=20, wave=[-60, -58, -60, -63, -69, -71, -74, -74, -76, -81])
Spo2(spo2_val=97, pr=60, wave=[27, 21, 24, 31, 29, 18, 5, -4, -13, -22], error_msg=0)
Ecg(lead_status=0, hrv=60, arr_type=0, wave1=[-67, -87, -33, -17, -32, -39, -38, -36, -34, -32, -30, -28, -25, -23, -21, -15, -6, 2, 8, 15, 24, 34, 41, 46, 62, 87, 110, 124, 124, 115, 109, 102, 75], wave2=[-221, -196, -54, -17, -51, -57, -47, -46, -45, -39, -35, -34, -32, -26, -19, -12, -3, 7, 15, 24, 37, 52, 63, 75, 97, 125, 154, 177, 179, 164, 155, 149, 113], waveV=[-813, -515, -71, 49, -28, -39, -10, -7, -8, -2, -1, -2, -2, 0, 3, 7, 11, 13, 18, 29, 40, 48, 48, 50, 64, 79, 91, 101, 101, 97, 98, 95, 72])
Resp(resp_rate=20, wave=[-81, -84, -87, -83, -86, -86, -90, -97, -100, -100])
Spo2(spo2_val=97, pr=60, wave=[-30, -36, -43, -51, -56, -58, -60, -66, -69, -67], error_msg=0)
Ecg(lead_status=0, hrv=60, arr_type=0, wave1=[54, 11, -18, -30, -33, -33, -34, -35, -37, -37, -36, -36, -36, -35, -34, -35, -36, -36, -35, -33, -34, -37, -38, -36, -35, -37, -36, -33, -31, -32], wave2=[83, 18, -24, -41, -45, -46, -48, -49, -46, -45, -45, -44, -46, -47, -47, -47, -46, -45, -45, -45, -45, -46, -47, -46, -44, -46, -47, -46, -46, -44], waveV=[55, 22, 4, -6, -9, -8, -8, -7, -6, -7, -2, -1, -9, -9, -4, -6, -4, -1, -6, -8, -3, -2, -10, -11, -6, -9, -13, -11, -11, -9])
Resp(resp_rate=19, wave=[-95, -94, -95, -101, -102, -97, -97, -95, -94, -92, -86, -89, -90, -93, -91, -87, -82, -84, -82, -82])
Spo2(spo2_val=97, pr=60, wave=[-67, -70, -48, 13, 80, 113, 110, 97, 84, 66], error_msg=0)
